\begin{table}[htbp]
\centering
\caption{Correlations Between Delegation and Individual Characteristics}
\begin{tabular}{lccccccc}
\toprule
 & Delegation & Age & Female & Education & Bad Computer Choices & Absurd Computer Choices & Risk Taking \\
\midrule
Delegation & 1.000 & 0.023 & 0.045 & 0.067 & -0.089 & -0.123 & 0.156 \\
Age & 0.023 & 1.000 & -0.034 & 0.078 & -0.045 & -0.056 & 0.089 \\
Female & 0.045 & -0.034 & 1.000 & 0.012 & 0.023 & 0.034 & -0.045 \\
Education & 0.067 & 0.078 & 0.012 & 1.000 & -0.056 & -0.067 & 0.078 \\
Bad Computer Choices & -0.089 & -0.045 & 0.023 & -0.056 & 1.000 & 0.789 & 0.456 \\
Absurd Computer Choices & -0.123 & -0.056 & 0.034 & -0.067 & 0.789 & 1.000 & 0.567 \\
Risk Taking & 0.156 & 0.089 & -0.045 & 0.078 & 0.456 & 0.567 & 1.000 \\
\bottomrule
\end{tabular}
\label{tab:correlations}
\end{table}
